Time,Linear Pos X,Linear  Pos Y,Linear Pos Z,Angular Pos X,Angular Pos Y,Angular Pos Z,Lineal Vel X,Lineal Vel Y,Lineal Vel Z,Angular Vel X,Angular Vel Y,Angular Vel Z
1681947653,0.0,0.0,0.0,0.0,0.0,0.0,0.0,0.0,0.0,0.0,0.0,0.0
1681947654,0.0,0.0,0.0,0.0,0.0,0.0,0.0,0.0,0.0,0.0,0.0,0.0
1681947654,0.0,0.0,0.0,0.0,0.0,0.0,0.0,0.0,0.0,0.0,0.0,0.0
1681947655,0.0,0.0,0.0,0.0,0.0,0.0,0.0,0.0,0.0,0.0,0.0,0.0
1681947656,0.0,0.0,0.0,0.0,0.0,0.0,0.0,0.0,0.0,0.0,0.0,0.0
1681947657,0.0,0.0,0.0,0.0,0.0,0.0,0.0,0.0,0.0,0.0,0.0,0.0
1681947658,0.0,0.0,0.0,0.0,0.0,0.0,0.0,0.0,0.0,0.0,0.0,0.0
1681947658,0.0,0.0,0.0,0.0,0.0,0.0,0.0,0.0,0.0,0.0,0.0,0.0
1681947659,0.0,0.0,0.0,0.0,0.0,0.0,0.0,0.0,0.0,0.0,0.0,0.0
1681947660,0.0,0.0,0.0,0.0,0.0,0.0,0.0,0.0,0.0,0.0,0.0,0.0
1681947661,0.0,0.0,0.0,0.0,0.0,0.0,0.0,0.0,0.0,0.0,0.0,0.0
1681947662,0.0,0.0,0.0,0.0,0.0,0.0,0.0,0.0,0.0,0.0,0.0,0.0
1681947662,0.0,0.0,0.0,0.0,0.0,0.0,0.0,0.0,0.0,0.0,0.0,0.0
1681947663,0.0,0.0,0.0,0.0,0.0,0.0,0.0,0.0,0.0,0.0,0.0,0.0
1681947664,0.0,0.0,0.0,0.0,0.0,0.0,0.0,0.0,0.0,0.0,0.0,0.0
1681947665,0.0,0.0,0.0,0.0,0.0,0.0,0.0,0.0,0.0,0.0,0.0,0.0
1681947666,0.0,0.0,0.0,0.0,0.0,0.0,0.0,0.0,0.0,0.0,0.0,0.0
1681947666,0.0,0.0,0.0,0.0,0.0,0.0,0.0,0.0,0.0,0.0,0.0,0.0
1681947667,0.0,0.0,0.0,0.0,0.0,0.0,0.0,0.0,0.0,0.0,0.0,0.0
1681947668,0.0,0.0,0.0,0.0,0.0,0.0,0.0,0.0,0.0,0.0,0.0,0.0
1681947669,-0.9058488871750914,0.4222364418923482,5.113243232479286,-0.0009887406677833032,-0.0026197313792992827,-0.0003619674039411585,0.0,0.0,0.0,0.0,0.0,0.0
1681947670,-0.10163374041507421,0.1435562430149767,0.5238955465304311,0.0031652707598495504,0.009182316768766501,-0.0011917212540031202,0.0,0.0,0.0,0.0,0.0,0.0
1681947670,-0.0933586006085087,0.18025245229824355,0.6650727038446899,0.005252234233938027,0.009431961532765619,-0.000875301577953249,0.0,0.0,0.0,0.0,0.0,0.0
1681947671,-0.0859413088437565,0.18666171157684974,0.7569778918074599,0.0032891388202791897,0.008147580497284434,-0.0009895641993190767,0.0,0.0,0.0,0.0,0.0,0.0
1681947672,-0.06203182934556304,0.1872999300115849,0.726931058627983,0.002439418715744097,0.007836252160249533,-0.0009507513604876556,0.0,0.0,0.0,0.0,0.0,0.0
1681947673,-0.059822219552383656,0.20011385720260616,0.6872383290454864,0.0023288524082954207,0.007495629010306381,-0.0012924213909210973,0.0,0.0,0.0,0.0,0.0,0.0
1681947674,-0.051110622212749826,0.2157687330401725,0.6858284136140833,0.0024562875163139453,0.007817085123039812,-0.001498520623289917,0.0,0.0,0.0,0.0,0.0,0.0
1681947674,-0.052464619504254906,0.23444480586655253,0.6472479866661613,0.002173323215322589,0.0065420845870259444,-0.002007919670951459,0.0,0.0,0.0,0.0,0.0,0.0
1681947675,-0.07332977893174142,0.255448076506953,0.6039012528803261,0.0025620470271515467,0.007271267472309481,-0.002400452636379395,0.0,0.0,0.0,0.0,0.0,0.0
1681947676,-0.023857346645955412,0.2677767633978384,0.8708070336462171,0.0035519401395478875,0.01010620115043372,-0.002493630816468604,0.0,0.0,0.3,0.0,0.0,0.0
1681947677,0.0021912325239763558,0.25693058260453416,1.513774443041958,0.0022834872016166043,0.014672940877763207,-0.003076955154215095,0.0,0.0,0.3,0.0,0.0,0.0
1681947678,0.0036473210540102744,0.2650519138673068,1.9160823691863762,0.0005177832049264368,0.015432119201089544,-0.0036419247070635908,0.0,0.0,0.3,0.0,0.0,0.0
1681947678,-0.00725902995993921,0.25900321033669105,2.296486180077782,0.0011866980426781426,0.017263849478920307,-0.0038656457712638584,0.0,0.0,0.3,0.0,0.0,0.0
1681947679,0.004227629093339177,0.2630361065940095,2.616526662592128,0.001303179688320712,0.018849999528306505,-0.003993492556294991,0.0,0.0,0.3,0.0,0.0,0.0
1681947680,0.018291814251336556,0.2570429633043004,2.995519102137336,0.0007538002628777179,0.0203416656896358,-0.004011205668807094,0.0,0.0,0.3,0.0,0.0,0.0
1681947681,0.047673265589250134,0.2965140324940149,3.3451135445612463,0.0006035197303789207,0.022135028805693586,-0.0046716804869102015,0.0,0.0,-0.3,0.0,0.0,0.0
1681947682,0.04206296458490041,0.32890874556483324,3.221637268406675,0.000416080768474947,0.020334233987988615,-0.004805829603218765,0.0,0.0,-0.3,0.0,0.0,0.0
1681947682,0.04251960418919925,0.32052627482820434,2.9021978157782655,0.0005457702794813055,0.019204817000971194,-0.004835231443835607,0.0,0.0,-0.3,0.0,0.0,0.0
1681947683,0.0268027278041734,0.3014427727313357,2.595580268127235,0.0006667398877657876,0.01728489411004599,-0.004629230553428001,0.0,0.0,-0.3,0.0,0.0,0.0
1681947684,0.026077086516441365,0.29937358994066793,2.298077240992314,0.0009318279589782712,0.016181034268424252,-0.004676694783903155,0.0,0.0,-0.3,0.0,0.0,0.0
1681947685,0.01896578486183632,0.2861543106497705,2.0102101413183284,0.0012819917363462918,0.014627228849538201,-0.0045784756424186055,0.0,0.0,-0.3,0.0,0.0,0.0
1681947686,-0.020844137229048224,0.24576704473917926,1.6904547204991183,0.0015994316309719443,0.012908073577033554,-0.004347791702728746,0.0,0.0,-0.3,0.0,0.0,0.0
1681947686,-0.037807003624907805,0.23928269631303292,1.3276073925996228,0.002051406038244475,0.009525099733891578,-0.004342822438691526,0.0,0.0,-0.3,0.0,0.0,0.0
1681947687,-0.0675450947336688,0.21948430223338067,0.9880059557450568,0.0025299426584246398,0.008049960238740118,-0.004228230067880973,0.0,0.0,-0.3,0.0,0.0,0.0
1681947688,-0.06407277550275438,0.19223816888927658,0.6501944015137222,0.0031855499608001193,0.006796316351827032,-0.0040827468167371865,0.0,0.0,0.0,0.0,0.0,0.0
1681947689,-0.023024002367703904,0.17770248479095607,0.6558337761454859,0.00363396787010417,0.006699662817833208,-0.004313784104112331,0.0,0.0,0.0,0.0,0.0,0.0
1681947690,-0.012544936840088977,0.03802252012812756,0.6143495180312701,0.005213818855829202,0.006816186728400393,-0.004579701604643113,0.0,0.0,0.0,0.0,0.0,0.0
1681947690,-0.00841467746948537,0.03756615391772141,0.5891394415496414,0.004801690937173535,0.00663518205183882,-0.004892601703787003,0.0,0.0,0.0,0.0,0.0,0.0
1681947691,-0.0027032445047181883,0.04055745127210762,0.5636167433232027,0.004963000124123053,0.006855885811412174,-0.005104606256753165,0.0,0.0,0.0,0.0,0.0,0.0
1681947692,0.00045235269526407553,0.04997853305158376,0.549939008615242,0.00516644150905567,0.0067262128082809835,-0.00534633993033762,0.0,0.0,0.0,0.0,0.0,0.0
1681947693,0.004176701140773354,0.053986773219485,0.5514995326016837,0.005096458365041739,0.006342659745498804,-0.00556894243816666,0.0,0.0,0.0,0.0,0.0,0.0
1681947694,0.0026701337883134582,0.05546190606168497,0.5328523017210947,0.005167185128158953,0.005602586394893259,-0.005747923576112045,-3.7027496240477336e-05,-0.024207944761086474,-0.39779417873603656,0.0,0.0,0.1
1681947694,-0.010793326602232528,0.05236968254140414,0.3876273176007942,0.0038337909464995204,0.0034956239892242292,-0.005500888086552154,0.03042434267627704,-0.17620374764814623,0.0949958803631867,0.0,0.0,0.1
1681947695,-0.005591331702981663,0.00682636435227281,0.38706177303198813,-0.006048861479657574,0.003294533982411692,0.04570005198662335,0.007149164544281324,-0.14388937422617856,0.07968170120845232,0.0,0.0,0.1
1681947696,0.014288672379022632,-0.07986376605831609,0.3879598576886211,-0.010931920391856444,0.003004787650555613,0.06586994264591921,-0.03274175749870861,0.012753331552427458,0.08591844323095234,0.0,0.0,0.1
1681947697,0.020004858818034828,-0.14430053108638743,0.38756810546587056,-0.01254421317458004,0.001877830907951458,0.06724021562414796,0.0014970953677837196,-0.08521993055715764,0.0839782708956728,0.0,0.0,0.1
1681947698,0.01536971425224556,-0.18436740364581528,0.3785447705317839,-0.012555034228771533,0.0021944946168008885,0.06768251540667344,0.006592676628320935,-0.0632395418855086,0.09451515726845193,0.0,0.0,0.1
1681947698,0.024806799098415083,-0.22024716899952068,0.3952005710860601,-0.015268643470866334,0.0027346991551281123,0.09275098875191727,-0.008787589532355452,-0.028414906723412493,0.04472616470356975,0.0,0.0,0.1
1681947699,0.02444374130070997,-0.24031411798250596,0.442482048331018,-0.021403172452132885,0.0042625776237301604,0.13365946234954526,0.0012393112719874953,-0.04254533251281868,0.03199415295319975,0.0,0.0,0.1
1681947700,0.023111747400611282,-0.25512648334085497,0.4498784493116547,-0.026887092387352218,0.003733339820928235,0.15885508830696451,0.01353480976913446,-0.15800912297572123,-0.16252939143016618,0.0,0.0,0.1
1681947701,0.04153133095570921,-0.3502202379004665,0.425206305299006,-0.03214554971556156,0.003950992899296287,0.19265584668865357,0.02297312109186063,-0.09710713753919296,-0.1553463837885095,0.0,0.0,0.1
1681947702,0.06583397175789829,-0.4126627896828825,0.4021022004300125,-0.042885853158544394,0.005003817849143052,0.2562999420679118,-0.00713910090915712,-0.045125573758348844,-0.11798090782321684,0.0,0.0,0.1
1681947702,0.09188581725015232,-0.4615362992351274,0.3766618160113484,-0.05497514815348835,0.005305572595874007,0.3273762138494465,-0.07699752179035411,-0.2754748972969207,0.1885384516410197,0.0,0.0,0.1
1681947703,0.12304103217125564,-0.4929291967732997,0.373309674093632,-0.05629806506363366,0.005517618187288948,0.3335204256517352,-0.00015875158659504375,-0.22063552948011422,0.0937865630264237,0.0,0.0,0.1
1681947704,0.2292642581298641,-0.5901037060217328,0.3591864331082094,-0.05958833111882773,0.0064180576720143595,0.36342065091969566,-0.03665960150680966,-0.1153835225495067,0.11062168962396166,0.0,0.0,0.1
1681947705,0.3051549959136077,-0.6450586924587239,0.3628100970621805,-0.06111107216110765,0.007383004322095171,0.38226405151332365,-0.03473187939848947,-0.10943964542375037,0.10156362545415412,0.0,0.0,0.1
1681947706,0.3777184162052846,-0.6788903626929942,0.3738133574210432,-0.061285914174550614,0.007186479486268066,0.3870615551072834,-0.09238127399176244,0.0032499707675608946,0.07928738275547102,0.0,0.0,0.1
1681947706,0.42079234291623674,-0.6997707208098582,0.3637002527563446,-0.06717580688930445,0.007537450877357484,0.4152477325858852,-0.05919646309643558,-0.05375825889189227,0.10874872276645242,0.0,0.0,0.1
1681947707,0.45456385030636964,-0.7296767523814124,0.3396075611684148,-0.07079218444242051,0.007264214237433973,0.43762441518375883,-0.04594720361626767,-0.16033407965150673,0.3643889412718423,0.0,0.0,0.1
1681947708,0.511480954818668,-0.7483369998936236,0.42025459023064954,-0.07560169009349398,0.008447239873373084,0.45619814425270283,-0.06866794302532085,-0.1061745539804365,0.20430002831077085,0.0,0.0,0.1
1681947709,0.595263446621483,-0.7944256581069329,0.5041251258114885,-0.07740020036748649,0.009497490001900939,0.45838370813005325,-0.049428097644836376,-0.09117922469731983,0.1984874909435502,0.0,0.0,0.1
1681947710,0.6521896576740736,-0.8427008133091968,0.5641731018523198,-0.07553529352845632,0.010248533984167425,0.46235440171647446,-0.05252060388000842,-0.0589496805174251,0.14286515058680804,0.0,0.0,0.1
1681947710,0.6789999967512216,-0.8490272714821978,0.6019243625691668,-0.0783720098954329,0.011341672994871245,0.47210117843138727,-0.0637695778494531,-0.06992584780274669,0.13848343075861533,0.0,0.0,0.1
1681947711,0.7099617370476012,-0.860066650078024,0.6217733089930042,-0.08336499643864144,0.011695137789404971,0.4852050398109745,-0.06253791397183858,-0.032388631395753806,0.12061517861153195,0.0,0.0,0.1
1681947712,0.744602247876971,-0.8823423143133252,0.6468174486110584,-0.08490500592577375,0.012514222995529236,0.4864825555455143,-0.064796590422175,-0.016159911794630354,0.09708396232056415,0.0,0.0,0.1
1681947713,0.77653807699047,-0.9045282853482602,0.6709657493271329,-0.08317861120025584,0.01248231524491232,0.49177548934493237,-0.05711155235232904,-0.017059320498296525,0.09226718153407817,0.0,0.0,0.1
1681947714,0.7912249488102403,-0.9173120878486667,0.7045074554212389,-0.0894375532182614,0.01299437412092706,0.5258028952002076,-0.05281650654136416,0.004826100639921834,0.04268237905973597,0.0,0.0,0.1
1681947714,0.7973899176599069,-0.9278207872214371,0.7290033147953827,-0.09553099819282254,0.012423671558172807,0.5624654168118092,-0.045006583204474204,0.02228667709969031,0.021305072009253037,0.0,0.0,0.1
1681947715,0.8129213557084403,-0.9482344924695605,0.721792923164069,-0.10130380817844613,0.011566622673192955,0.5961181037302172,-0.039401440918217255,-0.11482579082649974,-0.1112079824138302,0.0,0.0,0.1
1681947716,0.8798985833586468,-0.9593373048674408,0.6739373984052446,-0.10710952413404724,0.011550599594893105,0.639741451912921,-0.06594394773270243,-0.0723998628746163,-0.1149979162955569,0.0,0.0,0.1
1681947717,0.9503279147897677,-0.9884395463494128,0.6240930592264291,-0.1105516239778179,0.010058076394507776,0.670921585502188,-0.04163651125088901,-0.05252974543125856,-0.07627991398082823,0.0,0.0,0.1
1681947718,0.9821804459608711,-1.005669604721535,0.6163172117031056,-0.11353429093130535,0.010742992028616932,0.6893789115309309,0.04840024091568476,-0.3,-0.5,0.0,0.0,0.1
1681947718,1.0145713091752995,-0.9945009525596317,0.5727732375139629,-0.11615203472461601,0.009311044209184596,0.7128609069222763,-0.035978510452923336,-0.18295204342969304,-0.26965464384533316,0.0,0.0,0.1
1681947719,1.1412333297901733,-0.9641222084015539,0.4533637667949349,-0.11664495257934829,0.0076090951429834955,0.7254313792510751,-0.0589851784273292,-0.03405745571411323,-0.13288933589093188,0.0,0.0,0.1
1681947720,1.2314477226625968,-0.9647098934062748,0.395601376330844,-0.1147483811993749,0.0035614441241257374,0.7297929525210056,-0.042646999560199676,-0.06272641472883324,-0.12231165190223764,0.0,0.0,0.1
1681947721,1.2676568813941058,-0.9875122416350827,0.3630342887586898,-0.12026173836331251,0.005620435706739017,0.7419152023035909,-0.02052320799624789,-0.05002228209916011,-0.09587856151402832,0.0,0.0,0.1
1681947722,1.2926943085649218,-0.9958459742982011,0.33388020599952745,-0.12487315303797833,0.005190813585619344,0.764899192992426,-0.0359955427023003,-0.05856702805671979,-0.09714446110608187,0.0,0.0,0.1
1681947722,1.3107329549612479,-0.9959369546735648,0.32667396938599386,-0.1303339331824421,0.004929333208245656,0.7903645003035015,0.3,-0.3,0.5,0.0,0.0,0.1
1681947723,1.3295785827723312,-0.9873427366961346,0.3404047036427959,-0.13207515507143663,0.003066130843087385,0.8061483269944393,-0.01657398973678205,-0.18450130833690362,0.1113652191307629,0.0,0.0,0.1
1681947724,1.4145026374951177,-0.9614633942374964,0.36483216191940454,-0.13254593890435531,0.0032632785886538168,0.8150909540787731,-0.027147466964734288,-0.07997863271351006,0.09058359115229987,0.0,0.0,0.1
1681947725,1.4875766835550266,-0.9285880258063203,0.37758613381240685,-0.13475904246506573,0.002543603442824992,0.8360135681164157,-0.03373095965644039,-0.09789004699286294,0.08769351927051158,0.0,0.0,0.1
1681947726,1.5442986909896415,-0.9124468575308547,0.402364542149651,-0.13908848499098309,0.002790751139322724,0.8584629811399321,-0.025159247033916927,-0.0771466263672404,0.05409726157509398,0.0,0.0,0.1
1681947726,1.5843198765856212,-0.9021883954165181,0.43783590888414176,-0.140332389108467,0.00248718182456652,0.8631002918300593,-0.03215197287500292,-0.06509822494500635,0.044771336893122286,0.0,0.0,0.1
1681947727,1.5983999036935508,-0.8920969060195286,0.42933332843022565,-0.14375420070354228,0.003542292502313231,0.8749218718525937,-0.013364547752064629,-0.2729496098595696,0.36589886632916924,0.0,0.0,0.1
1681947728,1.6229060208308397,-0.8568486469562824,0.46539768616928057,-0.147001794535406,0.0028389792387205986,0.8911126207323109,-0.05360057613866945,-0.12886877959865642,0.1921314199924052,0.0,0.0,0.1
1681947729,1.6939025485724226,-0.8010708933739158,0.5331506541521902,-0.145921828050504,0.00285061361795341,0.8968639941321114,-0.03355817425598155,-0.11603951904946361,0.18428588647194738,0.0,0.0,0.1
1681947730,1.7602264277136386,-0.7672709143666642,0.5730742225690514,-0.14602037474635446,0.0025673542534122226,0.8969412161145578,-0.019519013654014806,-0.1051619455521353,0.16375221401000986,0.0,0.0,0.1
1681947730,1.7944156172746901,-0.7541121121206884,0.6019500459957369,-0.14659306545626752,0.002747572138454765,0.8965802775096704,-0.019019652788783363,-0.0934758535666079,0.14582370660223778,0.0,0.0,0.1
1681947731,1.813426765478541,-0.7376507660759729,0.630763776982171,-0.14733995628939364,0.0035261193697436236,0.8958227504430406,-0.021240655062728955,-0.07500030451837102,0.11163666295344858,0.0,0.0,0.1
1681947732,1.835103750190565,-0.7213242355113398,0.6462025882754732,-0.15012410391105313,0.003682057865817737,0.9074101010895845,-0.026217853889845148,-0.06077303096183198,0.10573153146129567,0.0,0.0,0.1
1681947733,1.8494881697757033,-0.7016886489269414,0.6667873554624058,-0.1517415322604163,0.003650283587353685,0.914030001135942,-0.04100863866347422,-0.018060340471837744,0.07910259468426731,0.0,0.0,0.1
1681947734,1.846077312108552,-0.6887469936653573,0.6801671206215365,-0.15370822733285136,0.0037218047532746306,0.9229420451054074,-0.037461819058831565,-0.05691551618201566,0.08711538644188399,0.0,0.0,0.1
1681947735,1.8521122180518,-0.6903168952649109,0.6954788063245624,-0.15523158682017454,0.0037761894989926303,0.9386683336588795,0.3,-0.3,-0.5,0.0,0.0,0.1
1681947735,1.8791668132084933,-0.6690611139279501,0.6804329879768638,-0.15729373337792518,0.001289745565126459,0.9559175433881285,-0.06595068159049539,-0.03374756770856788,-0.02375055169922577,0.0,0.0,0.1
1681947736,1.9553283104538266,-0.5509474444068397,0.6446367012779423,-0.1611491808365878,0.004201235326788985,0.9725109895756987,-0.04785628800586644,-0.0339344708953397,-0.10498094081602564,0.0,0.0,-0.05584014926154657
1681947737,2.02045280278383,-0.4733396900329314,0.6455428015951514,-0.16163596516132184,0.0037320213128469388,0.9791276201957981,-0.04499201874482735,-0.1464785657091466,-0.27277265555388663,0.0,0.0,0.1
1681947738,2.014405338139842,-0.35359412334123197,0.551943749165016,-0.16527960456755153,0.004332653940896324,0.9826031587767341,-0.05304956287944243,-0.14645292851812974,-0.24560678212836767,0.0,0.0,0.1
1681947739,2.042850500344616,-0.24741341622157983,0.4782549724500241,-0.16487535254828872,0.004230918196754019,0.9838498319237883,-0.06003398861375544,-0.04643912763688206,-0.18241182058856242,0.0,0.0,0.1
1681947739,2.0642256936241594,-0.1765049414022853,0.42751516459345595,-0.16507753389729848,0.00372099861712468,0.9837476911360173,-0.050138455992387414,-0.0610534110961049,-0.11923880205688103,0.0,0.0,0.1
1681947740,2.0677854573061616,-0.131633948190805,0.35489820920263554,-0.16553919109660814,0.003855436752297897,0.9819221439007008,-0.036517457605798054,-0.03948094234491942,-0.058716636560832515,0.0,0.0,0.1
1681947741,2.084302142020786,-0.10631209384874465,0.3373116602576101,-0.16511554111209684,0.0038944309994397874,0.9812943147869747,-0.03695640088104168,-0.05126737226146222,-0.10168146184656307,0.0,0.0,0.1
1681947742,2.1106934536451853,-0.08408947896141894,0.3403448742764172,-0.16479753823755988,0.004139501395410911,0.9820025480046982,-0.029106477241238934,-0.04134931761318841,-0.10661073738292882,0.0,0.0,0.1
1681947743,2.127605399148088,-0.07350963661514634,0.3314561866252324,-0.16581790299253202,0.003855579022874793,0.9837330586963206,-0.02523313412283939,-0.03407945872798384,-0.09387328385639018,0.0,0.0,0.1
1681947743,2.130100149566426,-0.05999039154790986,0.32593973746265975,-0.16638970653393015,0.003802588982381566,0.9849212962261057,-0.030745377369370722,-0.0251894687639648,-0.09301469863135724,0.0,0.0,0.1
1681947744,2.131053681112839,-0.04692225319689842,0.32145613202983503,-0.16706627698116724,0.003069038563332423,0.9857488082865962,0.17145281286309075,-0.3,0.5,0.0,0.0,0.1
1681947745,2.1242573411164862,-0.022433014902561565,0.35766262050938136,-0.16716024860605957,0.0022945490950711717,0.9859239335494541,-0.0150022897524952,-0.09583806416362675,0.04878919862356748,0.0,0.0,0.1
1681947746,2.1143413780589113,0.039110655430248914,0.3715764735964573,-0.16647021869179526,0.002717445839950484,0.9851770236965924,-0.033530590368831804,-0.12109769500709013,0.09585031093853175,0.0,0.0,0.1
1681947747,2.1002772902154527,0.09309964238701007,0.3785353941036739,-0.1670233638700583,0.0030929780723513533,0.9832394119980672,-0.03959702188436986,-0.09553635561156368,0.08991770872484832,0.0,0.0,0.1
1681947747,2.091075337809696,0.1399641372751464,0.3797063089091099,-0.1655676283215266,0.0032706031902864593,0.9800433493655799,-0.045568415936483295,-0.07148901163287145,0.08744191566039534,0.0,0.0,0.1
1681947748,2.091440762135207,0.17576425905562768,0.41678791422227607,-0.16492864300525206,0.0029813718569648793,0.9761667212525384,-0.023147883027925066,-0.1974983339656105,0.2554947067748814,0.0,0.0,0.1
1681947749,2.0667483649425487,0.24035112540948894,0.5376690409370859,-0.16351813809814572,0.001869663059530781,0.9709128799853026,-0.034007430534820915,-0.17274443298021167,0.18690959278073402,0.0,0.0,0.1
1681947750,2.030135631284592,0.35205031920956864,0.5813818238472407,-0.16223672453668905,0.0027597954745831655,0.9660663580616604,-0.0368135584743092,-0.11203982096789247,0.15927425802825526,0.0,0.0,0.1
1681947751,2.0117435692461374,0.43971840833989567,0.6173548402475552,-0.16091800184506816,0.0021472613994127578,0.9590327062295256,-0.01113746614318811,0.034245024472032023,0.08985725818582826,0.0,0.0,0.1
1681947751,2.003695620959961,0.47826761965407766,0.6302933070379425,-0.1601583114901055,0.001808039627023685,0.9531743709096989,-0.03310378124255348,-0.06751787508931927,0.12638661174501212,0.0,0.0,0.1
1681947752,1.9964946346571657,0.5035939098804828,0.6517432576925248,-0.1594618557181229,0.001144765831140061,0.9464661045806427,-0.00277226282150879,-0.20297927665846918,-0.11986962349915749,0.0,0.0,0.1
1681947753,1.950178131715098,0.5537329168081366,0.6282519080762725,-0.1591253279022833,0.0006043865724258319,0.9417754197336865,-0.027760929628870053,-0.0997292621586716,-0.08972459462229058,0.0,0.0,0.1
1681947754,1.8767173587405444,0.6324038417886078,0.6167068817462775,-0.15977636881716029,0.00024337470686997388,0.9347792086030763,-0.044316674327093145,-0.06084831478889331,-0.077239929345089,0.0,0.0,0.1
1681947755,1.8051149380043328,0.6761524297715147,0.5980007012814891,-0.15571065020317135,0.0004758534341387196,0.9178544886475397,-0.08881153887184998,0.007747705497393689,-0.051585228057590506,0.0,0.0,0.1
1681947755,1.76454435096028,0.7108462630433385,0.5982174583504971,-0.15437353677834295,0.00042875270338163095,0.9097123270896008,-0.054069188432055076,-0.05772666426568231,-0.07391126851177661,0.0,0.0,0.1
1681947756,1.7542522057032077,0.7338065097514689,0.5942131868077493,-0.15418536350958453,-1.741541479402903e-05,0.9056849526831574,-0.0469424555836454,-0.04243119534678712,-0.06972442074599891,0.0,0.0,0.1
1681947757,1.745272772649952,0.753739726275345,0.5754393860123247,-0.1522623552486598,0.00035614827572847725,0.8988803435553913,0.16314739999841393,-0.3,-0.5,0.0,0.0,0.1
1681947758,1.7285858937589544,0.773019526468819,0.5483735828639797,-0.15081202350180853,1.3473688044493656e-05,0.8905624066492744,-0.017514983942007987,-0.17141423830439423,-0.2515245648782659,0.0,0.0,0.1
1681947759,1.65020855789498,0.8345307704848619,0.47603507257636635,-0.14893924340623457,0.00023704379892821426,0.8761143910857896,-0.03521087822230903,-0.03606107283294262,-0.18086590664196683,0.0,0.0,0.1
1681947759,1.57804988769482,0.8803530123204107,0.467787126337859,-0.14740873427800244,0.00035220905199063367,0.8660495612034177,-0.03499684460279206,-0.07463355580084102,-0.1979972371890413,0.0,0.0,0.1
1681947760,1.5455040689337618,0.9053732614341596,0.4497954000529431,0.14161020866286655,0.0005600796983740421,-0.8334229994750302,-0.03748780971765405,-0.0665752075211802,-0.18458526307975354,0.0,0.0,0.1
1681947761,1.518378150883966,0.9126073228556089,0.40964635560952845,0.1357807734722479,0.0015330787148511256,-0.7926896142054412,-0.06924738400722658,-0.17386020603586538,0.08727565292620607,0.0,0.0,0.1
1681947762,1.4786297680337543,0.9497926109369309,0.470704864822813,0.13408143826972163,0.0018404396817405123,-0.7839162363604091,-0.024203020695286334,-0.09968988278841658,-0.050350046189065634,0.0,0.0,0.1
1681947763,1.3934124025055576,0.963702348564317,0.4934365038883849,0.1352447169530102,0.0015339558631523329,-0.7834298250007576,-0.055971742792807457,0.004399853729723763,-0.01820550709446977,0.0,0.0,0.1
1681947763,1.314592005249956,0.9651878489837691,0.5041469830881288,0.1355264338349857,0.0025853724534368855,-0.7839365379351115,-0.05259508188633631,-0.08582673454946904,-0.011303351634078267,0.0,0.0,0.1
1681947764,1.2666972230820477,0.9586180681967441,0.5093466710663594,0.13107666455422826,0.0024666421689144946,-0.7574270692103283,-0.07468101534706746,-0.04604743696687966,0.01845912559902724,0.0,0.0,0.1
1681947765,1.2391762109396771,0.9650072922979319,0.4746236603815753,0.13007127917991326,0.0024852620197934948,-0.751997888521796,-0.04981279813779473,-0.0651480892373183,0.022251578805620537,0.0,0.0,0.1
1681947766,1.2292032410002292,0.9935109639602511,0.47150713845620246,0.12933748589861024,0.0020547392224385306,-0.7490615106614466,-0.02344189883145073,-0.0625692104445513,0.031269456606174424,0.0,0.0,0.1
1681947767,1.230944108469454,1.0029002490329255,0.4724096917192458,0.12829981391740838,0.0018374886871770964,-0.7446313567696412,-0.035940525962477314,-0.06336239571588502,0.019600898573263886,0.0,0.0,0.1
1681947767,1.1992184803340988,0.9983655302042368,0.48361220962967155,0.12654987649019628,0.001450666268752808,-0.7376271958218947,-0.04307352746012999,-0.04324211163629499,0.005327319911967908,0.0,0.0,0.1
1681947768,1.1884964302820267,0.9986471684496308,0.5016852461664061,0.12351481310765157,0.0013929017652691284,-0.7203736480031449,-0.017505989300740203,-0.19115197393591576,0.22110278779486722,0.0,0.0,0.1
1681947769,1.1330076431064176,0.9894275389037174,0.5622735083516035,0.12246767868742374,0.0013623217495726224,-0.7156021697031918,-0.0456715769034122,-0.1053436051451518,0.12383791654968881,0.0,0.0,0.1
1681947770,1.0406319088327252,0.9700448940317075,0.6027358781058746,0.12104653056654678,0.0012233371563684997,-0.7072919894482421,-0.0398029260173335,-0.09486278487502561,0.13942821024792135,0.0,0.0,0.1
1681947771,0.9526725186371445,0.94251403533665,0.6336413829710601,0.11842168689553018,0.0009222838937849569,-0.6914782966942593,-0.053238237613742724,-0.08094972635677072,0.12152580040442078,0.0,0.0,0.1
1681947771,0.9197934477058959,0.9368725411934439,0.6782047985028236,0.1170540088889066,0.0006800418996903388,-0.6800129536335611,-0.05324107666470961,-0.06136100839222836,0.08172994146475522,0.0,0.0,0.1
1681947772,0.9043114087976454,0.9428854744898402,0.6925755807180481,0.11174702828443452,0.0006625861119276813,-0.6514648839308218,-0.058543733289157636,-0.05289709619131405,0.07690957530847957,0.0,0.0,0.1
1681947773,0.8763674203235639,0.9421980841996096,0.7200357315972437,0.10540808855449464,0.0012924708529623461,-0.6191914951718421,-0.06279586912643988,-6.495217183413032e-05,0.011565585798812256,0.0,0.0,0.1
1681947774,0.8602822929813664,0.95173100858149,0.7552192329378848,0.10346749040080981,0.0012774080071481625,-0.6043071592959081,-0.018459474272695182,-0.18277675378079236,-0.20487065236868837,0.0,0.0,0.1
1681947775,-0.2986600391942863,-0.012353556978976447,0.5407568588192918,-0.6722067988311548,0.025103711889584598,-0.014708277004970006,-0.3,0.3,0.5,0.0,0.0,0.1
1681947775,-0.29026721257683147,0.09965353826127403,0.52207655528143,-0.5825087497360818,0.035211053554828925,-0.08828256239714824,0.3,0.3,-0.08850845554796227,0.0,0.0,-0.1
1681947776,-0.27131759964240615,0.1558650938881963,0.4139870785883836,-0.5816219113425157,0.025872705552287083,-0.10125211556657686,0.11925945948334202,0.3,0.22227641830881326,0.0,0.0,-0.1
1681947777,-0.44578946102704176,1.1643707917416528,0.41892961912757254,-0.26348332580111683,-0.027422379092357747,-0.11499613051275401,0.24632231275203398,-0.3,0.17881469407304254,0.0,0.0,-0.1
1681947778,-0.04878221205428408,1.6968950393180773,0.2530738113080067,-0.2552853487830592,-0.044360593548417156,-0.15997965814075174,0.22637045985454368,-0.3,0.0218731572003579,0.0,0.0,-0.1
1681947779,0.22357230163349437,1.4773779849543136,0.542517683139325,-0.24746233389803604,-0.056592342196853246,-0.20186954489171144,-0.3,0.12060953097819788,0.011598806881994828,0.0,0.0,-0.1
1681947779,0.37539463791783906,1.090637600627682,0.742369570462458,-0.23839237106679978,-0.07204302533626335,-0.23065351274048057,0.0,0.0,0.0,0.0,0.0,0.0
1681947780,0.42338510634316373,0.9130134138253397,0.6870671667451891,-0.22846031991994206,-0.08829955652178725,-0.27096273099388385,0.0,0.0,0.0,0.0,0.0,0.0
1681947781,0.6781871020941921,0.4565812622937409,0.2202432014639299,-0.20762002400714288,-0.061117702288916644,-0.27899603094289954,0.0,0.0,0.0,0.0,0.0,0.0
1681947782,0.1522290671683742,0.5518700290222953,0.11386339987336998,-0.19717708338035447,-0.04436421941210867,-0.2895693168946241,0.0,0.0,0.0,0.0,0.0,0.0
1681947783,0.1522290671683742,0.5518700290222953,0.11386339987336998,-0.19717708338035447,-0.04436421941210867,-0.2895693168946241,0.0,0.0,0.0,0.0,0.0,0.0
1681947783,0.1522290671683742,0.5518700290222953,0.11386339987336998,-0.19717708338035447,-0.04436421941210867,-0.2895693168946241,0.0,0.0,0.0,0.0,0.0,0.0
1681947784,0.1522290671683742,0.5518700290222953,0.11386339987336998,-0.19717708338035447,-0.04436421941210867,-0.2895693168946241,0.0,0.0,0.0,0.0,0.0,0.0
1681947785,0.1522290671683742,0.5518700290222953,0.11386339987336998,-0.19717708338035447,-0.04436421941210867,-0.2895693168946241,0.0,0.0,0.0,0.0,0.0,0.0
1681947786,0.1522290671683742,0.5518700290222953,0.11386339987336998,-0.19717708338035447,-0.04436421941210867,-0.2895693168946241,0.0,0.0,0.0,0.0,0.0,0.0
1681947787,0.1522290671683742,0.5518700290222953,0.11386339987336998,-0.19717708338035447,-0.04436421941210867,-0.2895693168946241,0.0,0.0,0.0,0.0,0.0,0.0
1681947787,0.1522290671683742,0.5518700290222953,0.11386339987336998,-0.19717708338035447,-0.04436421941210867,-0.2895693168946241,0.0,0.0,0.0,0.0,0.0,0.0
1681947788,0.1522290671683742,0.5518700290222953,0.11386339987336998,-0.19717708338035447,-0.04436421941210867,-0.2895693168946241,0.0,0.0,0.0,0.0,0.0,0.0
1681947789,0.1522290671683742,0.5518700290222953,0.11386339987336998,-0.19717708338035447,-0.04436421941210867,-0.2895693168946241,0.0,0.0,0.0,0.0,0.0,0.0
1681947790,0.1522290671683742,0.5518700290222953,0.11386339987336998,-0.19717708338035447,-0.04436421941210867,-0.2895693168946241,0.0,0.0,0.0,0.0,0.0,0.0
1681947791,0.1522290671683742,0.5518700290222953,0.11386339987336998,-0.19717708338035447,-0.04436421941210867,-0.2895693168946241,0.0,0.0,0.0,0.0,0.0,0.0
1681947791,0.1522290671683742,0.5518700290222953,0.11386339987336998,-0.19717708338035447,-0.04436421941210867,-0.2895693168946241,0.0,0.0,0.0,0.0,0.0,0.0
1681947792,0.1522290671683742,0.5518700290222953,0.11386339987336998,-0.19717708338035447,-0.04436421941210867,-0.2895693168946241,0.0,0.0,0.0,0.0,0.0,0.0
1681947793,0.1522290671683742,0.5518700290222953,0.11386339987336998,-0.19717708338035447,-0.04436421941210867,-0.2895693168946241,0.0,0.0,0.0,0.0,0.0,0.0
1681947794,0.1522290671683742,0.5518700290222953,0.11386339987336998,-0.19717708338035447,-0.04436421941210867,-0.2895693168946241,0.0,0.0,0.0,0.0,0.0,0.0
1681947795,0.1522290671683742,0.5518700290222953,0.11386339987336998,-0.19717708338035447,-0.04436421941210867,-0.2895693168946241,0.0,0.0,0.0,0.0,0.0,0.0
1681947795,0.1522290671683742,0.5518700290222953,0.11386339987336998,-0.19717708338035447,-0.04436421941210867,-0.2895693168946241,0.0,0.0,0.0,0.0,0.0,0.0
1681947796,0.1522290671683742,0.5518700290222953,0.11386339987336998,-0.19717708338035447,-0.04436421941210867,-0.2895693168946241,0.0,0.0,0.0,0.0,0.0,0.0
1681947797,0.1522290671683742,0.5518700290222953,0.11386339987336998,-0.19717708338035447,-0.04436421941210867,-0.2895693168946241,0.0,0.0,0.0,0.0,0.0,0.0
1681947798,0.1522290671683742,0.5518700290222953,0.11386339987336998,-0.19717708338035447,-0.04436421941210867,-0.2895693168946241,0.0,0.0,0.0,0.0,0.0,0.0
1681947799,0.1522290671683742,0.5518700290222953,0.11386339987336998,-0.19717708338035447,-0.04436421941210867,-0.2895693168946241,0.0,0.0,0.0,0.0,0.0,0.0
1681947799,0.1522290671683742,0.5518700290222953,0.11386339987336998,-0.19717708338035447,-0.04436421941210867,-0.2895693168946241,0.0,0.0,0.0,0.0,0.0,0.0
1681947800,0.1522290671683742,0.5518700290222953,0.11386339987336998,-0.19717708338035447,-0.04436421941210867,-0.2895693168946241,0.0,0.0,0.0,0.0,0.0,0.0
1681947801,0.1522290671683742,0.5518700290222953,0.11386339987336998,-0.19717708338035447,-0.04436421941210867,-0.2895693168946241,0.0,0.0,0.0,0.0,0.0,0.0
1681947802,0.1522290671683742,0.5518700290222953,0.11386339987336998,-0.19717708338035447,-0.04436421941210867,-0.2895693168946241,0.0,0.0,0.0,0.0,0.0,0.0
1681947803,0.1522290671683742,0.5518700290222953,0.11386339987336998,-0.19717708338035447,-0.04436421941210867,-0.2895693168946241,0.0,0.0,0.0,0.0,0.0,0.0
1681947803,0.1522290671683742,0.5518700290222953,0.11386339987336998,-0.19717708338035447,-0.04436421941210867,-0.2895693168946241,0.0,0.0,0.0,0.0,0.0,0.0
1681947804,0.1522290671683742,0.5518700290222953,0.11386339987336998,-0.19717708338035447,-0.04436421941210867,-0.2895693168946241,0.0,0.0,0.0,0.0,0.0,0.0
1681947805,0.1522290671683742,0.5518700290222953,0.11386339987336998,-0.19717708338035447,-0.04436421941210867,-0.2895693168946241,0.0,0.0,0.0,0.0,0.0,0.0
1681947806,0.1522290671683742,0.5518700290222953,0.11386339987336998,-0.19717708338035447,-0.04436421941210867,-0.2895693168946241,0.0,0.0,0.0,0.0,0.0,0.0
